5
8
25 23 21 24 19 22 20 17
500
8002 8998 8996 8994 8992 8990 8988 8986 8984 8982 8980 8978 8976 8974 8972 8970 8968 8966 8964 8962 8960 8958 8956 8954 8952 8950 8948 8946 8944 8942 8940 8938 8936 8934 8932 8930 8928 8926 8924 8922 8920 8918 8916 8914 8912 8910 8908 8906 8904 8902 8900 8898 8896 8894 8892 8890 8888 8886 8884 8882 8880 8878 8876 8874 8872 8870 8868 8866 8864 8862 8860 8858 8856 8854 8852 8850 8848 8846 8844 8842 8840 8838 8836 8834 8832 8830 8828 8826 8824 8822 8820 8818 8816 8814 8812 8810 8808 8806 8804 8802 8800 8798 8796 8794 8792 8790 8788 8786 8784 8782 8780 8778 8776 8774 8772 8770 8768 8766 8764 8762 8760 8758 8756 8754 8752 8750 8748 8746 8744 8742 8740 8738 8736 8734 8732 8730 8728 8726 8724 8722 8720 8718 8716 8714 8712 8710 8708 8706 8704 8702 8700 8698 8696 8694 8692 8690 8688 8686 8684 8682 8680 8678 8676 8674 8672 8670 8668 8666 8664 8662 8660 8658 8656 8654 8652 8650 8648 8646 8644 8642 8640 8638 8636 8634 8632 8630 8628 8626 8624 8622 8620 8618 8616 8614 8612 8610 8608 8606 8604 8602 8600 8598 8596 8594 8592 8590 8588 8586 8584 8582 8580 8578 8576 8574 8572 8570 8568 8566 8564 8562 8560 8558 8556 8554 8552 8550 8548 8546 8544 8542 8540 8538 8536 8534 8532 8530 8528 8526 8524 8522 8520 8518 8516 8514 8512 8510 8508 8506 8504 8502 8500 8498 8496 8494 8492 8490 8488 8486 8484 8482 8480 8478 8476 8474 8472 8470 8468 8466 8464 8462 8460 8458 8456 8454 8452 8450 8448 8446 8444 8442 8440 8438 8436 8434 8432 8430 8428 8426 8424 8422 8420 8418 8416 8414 8412 8410 8408 8406 8404 8402 8400 8398 8396 8394 8392 8390 8388 8386 8384 8382 8380 8378 8376 8374 8372 8370 8368 8366 8364 8362 8360 8358 8356 8354 8352 8350 8348 8346 8344 8342 8340 8338 8336 8334 8332 8330 8328 8326 8324 8322 8320 8318 8316 8314 8312 8310 8308 8306 8304 8302 8300 8298 8296 8294 8292 8290 8288 8286 8284 8282 8280 8278 8276 8274 8272 8270 8268 8266 8264 8262 8260 8258 8256 8254 8252 8250 8248 8246 8244 8242 8240 8238 8236 8234 8232 8230 8228 8226 8224 8222 8220 8218 8216 8214 8212 8210 8208 8206 8204 8202 8200 8198 8196 8194 8192 8190 8188 8186 8184 8182 8180 8178 8176 8174 8172 8170 8168 8166 8164 8162 8160 8158 8156 8154 8152 8150 8148 8146 8144 8142 8140 8138 8136 8134 8132 8130 8128 8126 8124 8122 8120 8118 8116 8114 8112 8110 8108 8106 8104 8102 8100 8098 8096 8094 8092 8090 8088 8086 8084 8082 8080 8078 8076 8074 8072 8070 8068 8066 8064 8062 8060 8058 8056 8054 8052 8050 8048 8046 8044 8042 8040 8038 8036 8034 8032 8030 8028 8026 8024 8022 8020 8018 8016 8014 8012 8010 8008 8006 8004 9000
1
9999
500
8000 7996 7996 7994 7992 7990 7988 7986 7984 7982 7980 7978 7976 7974 7972 7970 7968 7966 7964 7962 7960 7958 7956 7954 7952 7950 7948 7946 7944 7942 7940 7938 7936 7934 7932 7930 7928 7926 7924 7922 7920 7918 7916 7914 7912 7910 7908 7906 7904 7902 7900 7898 7896 7894 7892 7890 7888 7886 7884 7882 7880 7878 7876 7874 7872 7870 7868 7866 7864 7862 7860 7858 7856 7854 7852 7850 7848 7846 7844 7842 7840 7838 7836 7834 7832 7830 7828 7826 7824 7822 7820 7818 7816 7814 7812 7810 7808 7806 7804 7802 7800 7798 7796 7794 7792 7790 7788 7786 7784 7782 7780 7778 7776 7774 7772 7770 7768 7766 7764 7762 7760 7758 7756 7754 7752 7750 7748 7746 7744 7742 7740 7738 7736 7734 7732 7730 7728 7726 7724 7722 7720 7718 7716 7714 7712 7710 7708 7706 7704 7702 7700 7698 7696 7694 7692 7690 7688 7686 7684 7682 7680 7678 7676 7674 7672 7670 7668 7666 7664 7662 7660 7658 7656 7654 7652 7650 7648 7646 7644 7642 7640 7638 7636 7634 7632 7630 7628 7626 7624 7622 7620 7618 7616 7614 7612 7610 7608 7606 7604 7602 7600 7598 7596 7594 7592 7590 7588 7586 7584 7582 7580 7578 7576 7574 7572 7570 7568 7566 7564 7562 7560 7558 7556 7554 7552 7550 7548 7546 7544 7542 7540 7538 7536 7534 7532 7530 7528 7526 7524 7522 7520 7518 7516 7514 7512 7510 7508 7506 7504 7502 7500 7498 7496 7494 7492 7490 7488 7486 7484 7482 7480 7478 7476 7474 7472 7470 7468 7466 7464 7462 7460 7458 7456 7454 7452 7450 7448 7446 7444 7442 7440 7438 7436 7434 7432 7430 7428 7426 7424 7422 7420 7418 7416 7414 7412 7410 7408 7406 7404 7402 7400 7398 7396 7394 7392 7390 7388 7386 7384 7382 7380 7378 7376 7374 7372 7370 7368 7366 7364 7362 7360 7358 7356 7354 7352 7350 7348 7346 7344 7342 7340 7338 7336 7334 7332 7330 7328 7326 7324 7322 7320 7318 7316 7314 7312 7310 7308 7306 7304 7302 7300 7298 7296 7294 7292 7290 7288 7286 7284 7282 7280 7278 7276 7274 7272 7270 7268 7266 7264 7262 7260 7258 7256 7254 7252 7250 7248 7246 7244 7242 7240 7238 7236 7234 7232 7230 7228 7226 7224 7222 7220 7218 7216 7214 7212 7210 7208 7206 7204 7202 7200 7198 7196 7194 7192 7190 7188 7186 7184 7182 7180 7178 7176 7174 7172 7170 7168 7166 7164 7162 7160 7158 7156 7154 7152 7150 7148 7146 7144 7142 7140 7138 7136 7134 7132 7130 7128 7126 7124 7122 7120 7118 7116 7114 7112 7110 7108 7106 7104 7102 7100 7098 7096 7094 7092 7090 7088 7086 7084 7082 7080 7078 7076 7074 7072 7070 7068 7066 7064 7062 7060 7058 7056 7054 7052 7050 7048 7046 7044 7042 7040 7038 7036 7034 7032 7030 7028 7026 7024 7022 7020 7018 7016 7014 7012 7010 7008 7006 7004 7002
5
1 1001 501 2001 1501

