6
6
10 10 10 5 5 5
5
7 5 3 4 1
1000
8000 7995 7990 7980 7985 7975 7970 7965 7960 7955 7950 7945 7940 7935 7930 7925 7920 7915 7910 7905 7900 7895 7890 7885 7880 7875 7870 7865 7860 7855 7850 7845 7840 7835 7830 7825 7820 7815 7810 7805 7800 7795 7790 7785 7780 7775 7770 7765 7760 7755 7750 7745 7740 7735 7730 7725 7720 7715 7710 7705 7700 7695 7690 7685 7680 7675 7670 7665 7660 7655 7650 7645 7640 7635 7630 7625 7620 7615 7610 7605 7600 7595 7590 7585 7580 7575 7570 7565 7560 7555 7550 7545 7540 7535 7530 7525 7520 7515 7510 7505 7500 7495 7490 7485 7480 7475 7470 7465 7460 7455 7450 7445 7440 7435 7430 7425 7420 7415 7410 7405 7400 7395 7390 7385 7380 7375 7370 7365 7360 7355 7350 7345 7340 7335 7330 7325 7320 7315 7310 7305 7300 7295 7290 7285 7280 7275 7270 7265 7260 7255 7250 7245 7240 7235 7230 7225 7220 7215 7210 7205 7200 7195 7190 7185 7180 7175 7170 7165 7160 7155 7150 7145 7140 7135 7130 7125 7120 7115 7110 7105 7100 7095 7090 7085 7080 7075 7070 7065 7060 7055 7050 7045 7040 7035 7030 7025 7020 7015 7010 7005 7000 6995 6990 6985 6980 6975 6970 6965 6960 6955 6950 6945 6940 6935 6930 6925 6920 6915 6910 6905 6900 6895 6890 6885 6880 6875 6870 6865 6860 6855 6850 6845 6840 6835 6830 6825 6820 6815 6810 6805 6800 6795 6790 6785 6780 6775 6770 6765 6760 6755 6750 6745 6740 6735 6730 6725 6720 6715 6710 6705 6700 6695 6690 6685 6680 6675 6670 6665 6660 6655 6650 6645 6640 6635 6630 6625 6620 6615 6610 6605 6600 6595 6590 6585 6580 6575 6570 6565 6560 6555 6550 6545 6540 6535 6530 6525 6520 6515 6510 6505 6500 6495 6490 6485 6480 6475 6470 6465 6460 6455 6450 6445 6440 6435 6430 6425 6420 6415 6410 6405 6400 6395 6390 6385 6380 6375 6370 6365 6360 6355 6350 6345 6340 6335 6330 6325 6320 6315 6310 6305 6300 6295 6290 6285 6280 6275 6270 6265 6260 6255 6250 6245 6240 6235 6230 6225 6220 6215 6210 6205 6200 6195 6190 6185 6180 6175 6170 6165 6160 6155 6150 6145 6140 6135 6130 6125 6120 6115 6110 6105 6100 6095 6090 6085 6080 6075 6070 6065 6060 6055 6050 6045 6040 6035 6030 6025 6020 6015 6010 6005 6000 5995 5990 5985 5980 5975 5970 5965 5960 5955 5950 5945 5940 5935 5930 5925 5920 5915 5910 5905 5900 5895 5890 5885 5880 5875 5870 5865 5860 5855 5850 5845 5840 5835 5830 5825 5820 5815 5810 5805 5800 5795 5790 5785 5780 5775 5770 5765 5760 5755 5750 5745 5740 5735 5730 5725 5720 5715 5710 5705 5700 5695 5690 5685 5680 5675 5670 5665 5660 5655 5650 5645 5640 5635 5630 5625 5620 5615 5610 5605 5600 5595 5590 5585 5580 5575 5570 5565 5560 5555 5550 5545 5540 5535 5530 5525 5520 5515 5510 5505 5500 5495 5490 5485 5480 5475 5470 5465 5460 5455 5450 5445 5440 5435 5430 5425 5420 5415 5410 5405 5400 5395 5390 5385 5380 5375 5370 5365 5360 5355 5350 5345 5340 5335 5330 5325 5320 5315 5310 5305 5300 5295 5290 5285 5280 5275 5270 5265 5260 5255 5250 5245 5240 5235 5230 5225 5220 5215 5210 5205 5200 5195 5190 5185 5180 5175 5170 5165 5160 5155 5150 5145 5140 5135 5130 5125 5120 5115 5110 5105 5100 5095 5090 5085 5080 5075 5070 5065 5060 5055 5050 5045 5040 5035 5030 5025 5020 5015 5010 5005 5000 4995 4990 4985 4980 4975 4970 4965 4960 4955 4950 4945 4940 4935 4930 4925 4920 4915 4910 4905 4900 4895 4890 4885 4880 4875 4870 4865 4860 4855 4850 4845 4840 4835 4830 4825 4820 4815 4810 4805 4800 4795 4790 4785 4780 4775 4770 4765 4760 4755 4750 4745 4740 4735 4730 4725 4720 4715 4710 4705 4700 4695 4690 4685 4680 4675 4670 4665 4660 4655 4650 4645 4640 4635 4630 4625 4620 4615 4610 4605 4600 4595 4590 4585 4580 4575 4570 4565 4560 4555 4550 4545 4540 4535 4530 4525 4520 4515 4510 4505 4500 4495 4490 4485 4480 4475 4470 4465 4460 4455 4450 4445 4440 4435 4430 4425 4420 4415 4410 4405 4400 4395 4390 4385 4380 4375 4370 4365 4360 4355 4350 4345 4340 4335 4330 4325 4320 4315 4310 4305 4300 4295 4290 4285 4280 4275 4270 4265 4260 4255 4250 4245 4240 4235 4230 4225 4220 4215 4210 4205 4200 4195 4190 4185 4180 4175 4170 4165 4160 4155 4150 4145 4140 4135 4130 4125 4120 4115 4110 4105 4100 4095 4090 4085 4080 4075 4070 4065 4060 4055 4050 4045 4040 4035 4030 4025 4020 4015 4010 4005 4000 3995 3990 3985 3980 3975 3970 3965 3960 3955 3950 3945 3940 3935 3930 3925 3920 3915 3910 3905 3900 3895 3890 3885 3880 3875 3870 3865 3860 3855 3850 3845 3840 3835 3830 3825 3820 3815 3810 3805 3800 3795 3790 3785 3780 3775 3770 3765 3760 3755 3750 3745 3740 3735 3730 3725 3720 3715 3710 3705 3700 3695 3690 3685 3680 3675 3670 3665 3660 3655 3650 3645 3640 3635 3630 3625 3620 3615 3610 3605 3600 3595 3590 3585 3580 3575 3570 3565 3560 3555 3550 3545 3540 3535 3530 3525 3520 3515 3510 3505 3500 3495 3490 3485 3480 3475 3470 3465 3460 3455 3450 3445 3440 3435 3430 3425 3420 3415 3410 3405 3400 3395 3390 3385 3380 3375 3370 3365 3360 3355 3350 3345 3340 3335 3330 3325 3320 3315 3310 3305 3300 3295 3290 3285 3280 3275 3270 3265 3260 3255 3250 3245 3240 3235 3230 3225 3220 3215 3210 3205 3200 3195 3190 3185 3180 3175 3170 3165 3160 3155 3150 3145 3140 3135 3130 3125 3120 3115 3110 3105 3100 3095 3090 3085 3080 3075 3070 3065 3060 3055 3050 3045 3040 3035 3030 3025 3020 3015 3010 3005
3
80 80 79
2
10000 1
5
77 78 76 80 79

